0.0 10235
0.55553 3406
1.11106 2348
1.6665899999999998 1579
2.22212 1077
2.77765 738
3.3331799999999996 475
3.8887099999999997 350
4.44424 230
4.99977 179
5.5553 138
6.11083 108
6.666359999999999 75
7.221889999999999 62
7.777419999999999 53
8.33295 37
8.88848 29
9.444009999999999 22
9.99954 22
10.555069999999999 8
11.1106 9
11.666129999999999 12
12.22166 6
12.77719 8
13.332719999999998 5
13.88825 8
14.443779999999999 3
14.99931 3
15.554839999999999 4
16.11037 2
16.6659 2
17.221429999999998 2
17.77696 5
18.33249 1
18.888019999999997 0
19.44355 2
19.99908 0
20.55461 1
21.110139999999998 1
21.66567 2
