0.0 18428
0.5867549999999999 18871
1.1735099999999998 23176
1.7602649999999997 23619
2.3470199999999997 20414
2.933775 16676
3.5205299999999995 13267
4.107284999999999 10241
4.694039999999999 8013
5.2807949999999995 6296
5.86755 4940
6.454304999999999 3982
7.041059999999999 3076
7.627814999999999 2401
8.214569999999998 1991
8.801324999999999 1564
9.388079999999999 1280
9.974834999999999 1061
10.561589999999999 860
11.148344999999999 674
11.7351 543
12.321854999999998 494
12.908609999999998 417
13.495364999999998 349
14.082119999999998 284
14.668874999999998 263
15.255629999999998 250
15.842384999999998 202
16.429139999999997 174
17.015894999999997 157
17.602649999999997 133
18.189404999999997 116
18.776159999999997 104
19.362914999999997 72
19.949669999999998 88
20.536424999999998 57
21.123179999999998 47
21.709934999999998 55
22.296689999999998 35
22.883445 14
