0.0 948
0.04415575 102
0.0883115 42
0.13246725 10
0.176623 3
0.22077875 0
0.2649345 1
0.30909025 0
0.353246 0
0.39740175 0
0.4415575 1
0.48571325 0
0.529869 0
0.57402475 1
0.6181805 0
0.66233625 0
0.706492 0
0.7506477500000001 0
0.7948035 0
0.83895925 0
0.883115 1
0.92727075 0
0.9714265 0
1.01558225 0
1.059738 0
1.1038937500000001 0
1.1480495 0
1.19220525 0
1.236361 0
1.28051675 0
1.3246725 0
1.36882825 0
1.412984 0
1.45713975 0
1.5012955000000001 0
1.54545125 1
1.589607 0
1.63376275 0
1.6779185 0
1.72207425 1
