0.000103762 711
0.13935291795000002 422
0.2786020739 284
0.41785122985000006 181
0.5571003858 178
0.69634954175 109
0.8355986977000001 70
0.97484785365 39
1.1140970096 37
1.25334616555 26
1.3925953215 19
1.53184447745 19
1.6710936334000002 12
1.8103427893500001 10
1.9495919453000001 8
2.0888411012500003 6
2.2280902572000003 6
2.3673394131500003 7
2.5065885691000003 2
2.6458377250500003 1
2.7850868810000002 3
2.92433603695 0
3.0635851929 4
3.20283434885 0
3.3420835048000006 1
3.4813326607500006 0
3.6205818167000006 1
3.7598309726500005 4
3.8990801286000005 2
4.0383292845500005 0
4.1775784405000005 1
4.3168275964500005 1
4.4560767524000005 1
4.59532590835 0
4.7345750643 0
4.87382422025 0
5.0130733762 0
5.15232253215 0
5.2915716881 0
5.43082084405 1
