0.000738603
0.00539352
0.00683637
0.00589165
0.00577141
0.0160088
0.0268989
0.0264179
0.0261088
0.0250094
0.0243052
0.023704
0.0231715
0.022055
0.0213851
0.0201828
0.0196331
0.0191522
0.0185166
0.0177093
0.0168676
0.0168676
0.0162149
0.0147549
0.0152874
0.0142052
0.0142052
0.0137071
0.0127624
0.012436
0.0119035
0.0115944
0.0117318
0.0109932
0.0105981
0.00980796
0.00980796
0.00975643
0.00982514
0.00934419
0.0091896
0.00705967
0.00805593
0.00766086
0.00774674
0.0082277
0.00779828
0.00745474
0.00730015
0.00728297
0.0063726
0.00728297
0.00589165
0.00640695
0.00644131
0.00621801
0.00568553
0.00508434
0.00559964
0.00537634
0.00525611
0.00523893
0.0044488
0.00494692
0.0049641
0.00463774
0.00475798
0.0045175
0.00434573
0.00419114
0.00386478
0.0044488
0.00417397
0.00398502
0.00393349
0.00413961
0.00353842
0.00388196
0.00381325
0.00391631
0.00365866
0.0033323
0.0032636
0.00317771
0.00302312
0.0032636
0.00316053
0.00295441
0.00290288
0.00302312
0.00278264
0.00293724
0.0025937
0.00302312
0.00278264
0.00267958
0.00247346
0.00269676
0.00228452
0.00264523
0.00212993
0.00228452
0.00218146
0.00231887
0.00271394
0.0021471
0.00226734
0.00221581
0.00212993
0.00254217
0.00225016
0.00175204
0.00190663
0.00202686
0.00182074
0.00159744
0.00202686
0.0019238
0.00180357
0.00133979
0.00176921
0.00190663
0.00149438
0.00142568
0.00158027
0.00149438
0.00132261
0.00142568
0.00158027
0.00142568
0.00132261
0.0018551
0.00121955
0.00144285
0.00152874
0.00180357
0.00123673
0.00109932
0.00130544
0.000927548
0.00116802
0.00101343
0.00113367
0.00104779
0.00104779
0.00113367
0.00101343
0.00103061
0.00116802
0.000910371
0.000841664
0.00109932
0.000979079
0.000979079
0.000927548
0.000858841
0.000841664
0.000652719
0.000824487
0.000858841
0.000927548
0.00080731
0.00080731
0.000772957
0.000601189
0.000738603
0.000944725
0.000669896
0.000618365
0.000532481
0.000669896
0.000532481
0.000669896
0.000635542
0.000549658
0.000515305
0.000669896
0.000635542
0.000480951
0.000584012
0.000395067
0.000360713
0.000532481
0.000309183
0.000395067
0.000412244
0.000257652
0.000309183
0.000309183
0.000395067
0.00037789
0.00037789
0.000120238
0.000154591
0.000120238
0.000171768
0.000137415
6.87073e-05
0
0
0
  
